0.500000
0.504533
0.768093
0.789161
0.573296
0.477803
0.805415
0.818468
0.582749
0.847482
0.844506
0.877027
0.587466
0.859684
0.937188
0.586754
0.539720
0.706566
0.856227
0.848474
0.946881
0.799650
0.857962
0.865418
0.662854
0.494095
0.603767
0.824744
0.870623
0.811069
0.900003
0.846493
0.815547
0.742346
0.759326
0.731506
0.780284
0.675279
0.737359
0.569644
0.862926
0.815987
0.888044
0.786053
0.466827
0.872105
0.760741
0.658109
0.658867
0.763216
0.649337
0.525936
0.873314
0.506559
0.784327
0.769252
0.864187
0.875347
0.827320
0.781009
0.896187
0.840339
0.799626
0.859297
0.853702
0.847502
0.875386
0.796418
0.738093
0.880124
0.835124
0.706329
0.877514
0.899810
0.863513
0.828475
0.800894
0.752496
0.691691
0.658140
0.726798
0.650141
0.717852
0.758676
0.674437
0.631494
0.916118
0.872574
0.922272
0.876283
0.796041
0.927636
0.787754
0.807232
0.881417
0.738048
0.669867
0.772471
0.612822
0.829112
0.860132
0.837602
0.834570
0.562138
0.764901
0.886496
0.669409
0.765476
0.780208
0.699076
0.616144
0.538170
0.878651
0.793755
0.612186
0.804341
0.755194
0.795633
0.789663
0.673159
0.779718
0.796081
0.720247
0.799276
0.629706
0.752032
0.879717
0.779358
0.876631
0.852531
0.680145
0.649011
0.738687
0.796370
0.826233
0.859731
0.654066
0.873518
0.789123
0.650772
0.755251
0.830357
0.782388
0.779343
0.770729
0.744234
0.884210
0.854903
0.791645
0.865967
0.869534
0.681450
0.734448
0.810127
0.822590
0.786160
0.898341
0.844179
0.817977
0.820030
0.921939
0.794875
0.928770
0.828222
0.877135
0.912608
0.815936
0.787694
0.902041
0.852169
0.878338
0.627823
0.649883
0.620536
0.654415
0.745104
0.823441
0.829532
0.827033
0.883381
0.896661
0.734467
0.801501
0.670447
0.743273
0.714401
0.725860
0.779960
0.750740
0.882717
0.762944
0.770508
0.723584
0.856405
0.817066
0.689596
0.894871
0.438643
0.760982
0.840694
0.860657
0.807275
0.761921
0.763552
0.749262
0.786369
0.670175
0.860475
0.353066
0.679722
0.638435
0.677696
0.908693
0.864316
0.547775
0.502175
0.393916
0.637528
0.624677
0.832356
0.849157
0.764872
0.808748
0.903613
0.820646
0.942000
0.841153
0.818751
0.885200
0.812539
0.906713
0.750129
0.843895
0.817617
0.783098
0.698255
0.569695
0.805542
0.947993
0.875386
0.833268
0.889023
0.695945
0.783593
0.493409
0.738276
0.842766
0.591045
0.827998
0.942113
0.572943
0.862719
0.842660
0.604205
0.496861
0.924609
0.779874
0.611858
0.733583
0.832073
0.751281
0.840494
0.711391
0.641027
0.723229
0.708050
0.517704
0.532322
0.398457
0.518363
0.449450
0.911118
0.917187
0.557269
0.804880
0.756231
0.867276
0.684551
0.642201
0.867498
0.691747
0.823486
0.860201
0.708181
0.898382
0.813855
0.731941
0.815476
0.771370
0.762152
0.725032
0.755806
0.727251
0.859788
0.820080
0.746957
0.757899
0.828317
0.761781
0.740578
0.778993
0.910894
0.861757
0.873207
0.889189
0.735437
0.858062
0.431996
0.733182
0.807359
0.841168
0.795466
0.642644
0.730477
0.833874
0.622646
0.456301
0.854163
0.856495
0.853491
0.739141
0.766865
0.910824
0.813971
0.870486
0.937421
0.923811
0.716380
0.874832
0.830495
0.886170
0.880641
0.848299
0.888775
0.938236
0.887254
0.797804
0.702510
0.825440
0.880797
0.848233
0.729149
0.773974
0.899988
0.824591
0.923919
0.846602
0.868897
0.777706
0.754620
0.549907
0.671840
0.734624
0.829131
0.809132
0.690719
0.833407
0.585470
0.767117
0.784804
0.883274
0.561440
0.589287
0.617798
0.561981
0.629640
0.733745
0.855280
0.563992
0.827560
0.511375
0.632651
0.558170
0.561495
0.560640
0.713769
0.658731
0.852699
0.782906
0.800904
0.877418
0.789903
0.635842
0.737298
0.711455
0.828613
0.846582
0.849313
0.946172
0.828830
0.946110
0.758001
0.650967
0.721090
0.560983
0.608445
0.683912
0.525638
0.639266
0.507999
0.569394
0.840568
0.788801
0.571824
0.551910
0.549666
0.467431
0.608213
0.812031
0.877529
0.403322
0.375031
0.790779
0.682318
0.662980
0.823152
0.765991
0.843067
0.680722
0.865875
0.761935
0.500556
0.720536
0.830152
0.718473
0.648656
0.824329
0.802383
0.709060
0.758393
0.844398
0.741195
0.716230
0.804172
0.765031
0.824509
0.758525
0.757444
0.740688
0.873492
0.693819
0.886560
0.749871
0.833829
0.854374
0.842106
0.797494
0.851505
0.669094
0.773187
0.747236
0.788838
0.858227
0.772676
0.727210
0.677399
0.723537
0.837664
0.694783
0.641131
0.471539
0.663275
0.773472
0.768321
0.910274
0.761653
0.620679
0.678682
0.322176
0.713805
0.718679
0.473955
0.739283
0.771766
0.484966
0.878970
0.724301
0.900078
0.844925
0.735163
0.811052
0.672216
0.889006
0.599815
0.741686
0.766852
0.583157
0.750301
0.704900
0.475362
0.626666
0.835518
0.710602
0.859180
0.709311
0.735274
0.648863
0.717097
0.777658
0.689339
0.649454
0.815091
0.515674
0.719217
0.760803
0.916170
0.880358
0.938177
0.767714
0.729826
0.710624
0.817334
0.800721
0.598067
0.763494
0.741196
0.788228
0.692287
0.770041
0.844794
0.661516
0.688770
0.866267
0.562514
0.471817
0.394227
0.616479
0.673735
0.817310
0.735404
0.704973
0.820453
0.692299
0.749767
0.860373
0.848629
0.628646
0.735047
0.807744
0.832893
0.550086
0.760819
0.705779
0.880526
0.807863
0.560450
0.746152
0.810740
0.874078
0.782439
0.781869
0.844247
0.873980
0.780068
0.862989
0.718038
0.851822
0.852390
0.855995
0.580154
0.885664
0.832315
0.694612
0.665932
0.809141
0.647080
0.689050
0.746392
0.809601
0.820270
0.925314
0.761593
0.861095
0.809201
0.732137
0.747642
0.789636
0.668011
0.919932
0.790118
0.747349
0.620226
0.825793
0.817410
0.736081
0.714251
0.445636
0.752353
0.805369
0.387738
0.952810
0.919368
0.767093
0.896402
0.376826
0.823052
0.908176
0.572228
0.888345
0.873758
0.682299
0.131541
0.090642
0.178171
0.249868
0.108295
0.244783
0.187205
0.096513
0.222624
0.248926
0.281619
0.272048
0.318652
0.322294
0.211471
0.478183
0.287336
0.455765
0.333715
0.232731
0.252892
0.254424
0.115115
0.177167
0.329644
0.264898
0.133047
0.176670
0.153901
0.054142
0.325072
0.135733
0.106129
0.171021
0.166467
0.072019
0.130292
0.057344
0.159656
0.157508
0.171487
0.105592
0.439395
0.092985
0.357603
0.211751
0.272690
0.275379
0.414254
0.163887
0.061760
0.120266
0.133471
0.242251
0.311208
0.369576
0.270415
0.173229
0.268981
0.220772
0.196664
0.303631
0.124414
0.441822
0.333135
0.271969
0.344895
0.293958
0.404419
0.335082
0.255992
0.217027
0.279687
0.096487
0.206543
0.159367
0.173124
0.275419
0.081606
0.094671
0.235270
0.355336
0.150797
0.269566
0.038894
0.191147
0.128547
0.269011
0.118960
0.341134
0.246563
0.156428
0.191050
0.100226
0.174360
0.109964
0.255560
0.129989
0.164354
0.129015
0.282379
0.291894
0.128921
0.324674
0.269234
0.276798
0.207553
0.444547
0.205808
0.132012
0.282735
0.317857
0.259436
0.180553
0.284669
0.390555
0.224796
0.281983
0.293335
0.267783
0.140476
0.178992
0.277667
0.173862
0.336890
0.191007
0.184178
0.184303
0.175481
0.232654
0.098040
0.239835
0.256149
0.152679
0.167111
0.244507
0.264276
0.325447
0.140849
0.290525
0.197345
0.244688
0.191280
0.333378
0.313265
0.248718
0.190668
0.173315
0.110322
0.114199
0.193625
0.188156
0.290449
0.343305
0.303393
0.267801
0.343859
0.467037
0.440422
0.334316
0.121447
0.234023
0.175353
0.149643
0.095931
0.219044
0.333401
0.265058
0.245954
0.246775
0.245652
0.270467
0.231096
0.130564
0.257118
0.170552
0.191848
0.095293
0.115030
0.083158
0.275509
0.215567
0.228503
0.299050
0.216326
0.171554
0.398646
0.415330
0.246547
0.182131
0.151491
0.110926
0.255037
0.285365
0.360168
0.327832
0.325802
0.275067
0.371216
0.397658
0.274693
0.148029
0.391923
0.222666
0.176527
0.363962
0.460422
0.273711
0.197511
0.192436
0.360646
0.337039
0.080488
0.211467
0.377270
0.290747
0.093421
0.178185
0.123630
0.104081
0.205559
0.120901
0.253550
0.337489
0.503243
0.291550
0.385571
0.134726
0.511265
0.144564
0.069437
0.309488
0.272606
0.109219
0.172685
0.102053
0.232258
0.546101
0.405135
0.447301
0.272599
0.365740
0.671505
0.321077
0.218239
0.279195
0.222462
0.222896
0.155754
0.144336
0.194709
0.145117
0.154167
0.110328
0.318817
0.264562
0.177398
0.175371
0.235722
0.126001
0.166603
0.111971
0.204934
0.092162
0.143172
0.202407
0.212797
0.136812
0.132330
0.210945
0.140051
0.200952
0.174652
0.286261
0.256800
0.278355
0.177711
0.185469
0.216964
0.234878
0.257942
0.156799
0.319310
0.413604
0.205624
0.343876
0.191953
0.292576
0.173731
0.515860
0.313985
0.162124
0.078395
0.215182
0.316500
0.135708
0.323538
0.254589
0.147760
0.215760
0.183778
0.361650
0.171949
0.218494
0.220606
0.119495
0.250656
0.368657
0.636175
0.279340
0.423713
0.327858
0.290939
0.071472
0.192135
0.283066
0.335773
0.107216
0.235365
0.232725
0.273069
0.427987
0.336225
0.354311
0.430103
0.172849
0.354467
0.344072
0.158672
0.315631
0.196470
0.274287
0.393276
0.348294
0.261021
0.188390
0.208026
0.214947
0.060675
0.134098
0.117073
0.263068
0.065448
0.139562
0.182239
0.080044
0.231819
0.181519
0.175418
0.281090
0.155551
0.076377
0.121390
0.223916
0.115597
0.242688
0.177533
0.560212
0.324661
0.236787
0.197308
0.362596
0.345984
0.444336
0.122965
0.480124
0.491682
0.408632
0.254802
0.395124
0.077112
0.288732
0.315608
0.267549
0.240845
0.190027
0.278511
0.320134
0.404614
0.259208
0.262734
0.370760
0.292776
0.233128
0.394581
0.227854
0.416188
0.286526
0.394711
0.275888
0.325035
0.278100
0.209735
0.173884
0.410558
0.203036
0.124377
0.343967
0.413955
0.358178
0.323518
0.273954
0.331115
0.278603
0.294540
0.096066
0.194545
0.118264
0.133667
0.153650
0.138048
0.357076
0.261498
0.111219
0.240812
0.140957
0.193097
0.219732
0.302255
0.091762
0.395165
0.196292
0.272426
0.189498
0.132933
0.159444
0.128476
0.203169
0.111272
0.252053
0.205737
0.194581
0.315548
0.423161
0.658329
0.423439
0.144586
0.142387
0.302568
0.171619
0.137707
0.184563
0.333244
0.205714
0.162385
0.210772
0.470364
0.148846
0.678963
0.555062
0.307231
0.209613
0.206762
0.288579
0.129131
0.388810
0.049538
0.131377
0.179341
0.098832
0.156424
0.483823
0.306980
0.196128
0.299232
0.272569
0.087436
0.087208
0.156495
0.454050
0.381986
0.488973
0.444874
0.620841
0.303284
0.186906
0.315948
0.339741
0.121257
0.251836
0.155499
0.145988
0.132034
0.090677
0.075849
0.209055
0.358468
0.184533
0.218580
0.409492
0.218575
0.254855
0.161164
0.315469
0.201715
0.351960
0.121312
0.222575
0.241897
0.126668
0.193553
0.241261
0.130174
0.391573
0.296181
0.207142
0.509631
0.453949
0.173046
0.321702
0.447687
0.508447
0.452744
0.327688
0.319049
0.422812
0.256902
0.391896
0.116826
0.347799
0.141603
0.174533
0.095481
0.147253
0.192270
0.142867
0.123306
0.164654
0.143313
0.108198
0.340466
0.402006
0.145802
0.246895
0.386075
0.389180
0.448787
0.308409
0.307361
0.585598
0.374312
0.160582
0.302109
0.215067
0.421992
0.262377
0.185048
0.076501
0.085158
0.108398
0.192730
0.172203
0.167595
0.259607
0.308498
0.274401
0.192735
0.504368
0.261370
0.077286
0.153490
0.196864
0.092693
0.095363
0.149592
0.480640
0.354258
0.253961
0.250533
0.585753
0.376868
0.417083
0.124270
0.373105
0.419934
0.160362
0.278679
0.121322
0.412362
0.410376
0.086943
0.201913
0.115907
0.158615
0.067534
0.193003
0.526039
0.261734
0.183259
0.346517
0.324886
0.119109
0.542112
0.384680
0.401553
0.296353
0.343890
0.422279
0.485352
0.432023
